0.961838
0.962206
0.962575
0.962944
0.963314
0.963684
0.964056
0.964428
0.9648
0.965174
0.965548
0.965923
0.966298
0.966675
0.967051
0.967429
0.967807
0.968186
0.968565
0.968945
0.969325
0.969706
0.970088
0.97047
0.970852
0.971235
0.971619
0.972003
0.972387
0.972772
0.973157
0.973542
0.973928
0.974314
0.974701
0.975088
0.975475
0.975862
0.97625
0.976637
0.977025
0.977414
0.977802
0.97819
0.978579
0.978968
0.979357
0.979746
0.980135
0.980524
0.980914
0.981303
0.981693
0.982082
0.982472
0.982862
0.983251
0.983641
0.984031
0.984421
0.98481
0.9852
0.98559
0.98598
0.986369
0.986759
0.987149
0.987539
0.987928
0.988318
0.988708
0.989097
0.989487
0.989877
0.990266
0.990656
0.991045
0.991435
0.991824
0.992214
0.992603
0.992993
0.993382
0.993771
0.994161
0.99455
0.994939
0.995329
0.995718
0.996107
0.996497
0.996886
0.997275
0.997664
0.998054
0.998443
0.998832
0.999221
0.999611
1

