0.99866
0.998661
0.998661
0.998662
0.998663
0.998665
0.998666
0.998668
0.998671
0.998673
0.998676
0.998679
0.998682
0.998686
0.99869
0.998694
0.998698
0.998703
0.998708
0.998713
0.998719
0.998725
0.998731
0.998737
0.998744
0.998751
0.998758
0.998765
0.998773
0.998781
0.998789
0.998798
0.998807
0.998816
0.998825
0.998835
0.998845
0.998855
0.998866
0.998876
0.998887
0.998899
0.99891
0.998922
0.998934
0.998947
0.998959
0.998972
0.998986
0.998999
0.999013
0.999027
0.999041
0.999056
0.999071
0.999086
0.999101
0.999117
0.999132
0.999149
0.999165
0.999182
0.999199
0.999216
0.999233
0.999251
0.999269
0.999287
0.999305
0.999324
0.999343
0.999362
0.999382
0.999401
0.999421
0.999441
0.999462
0.999482
0.999503
0.999525
0.999546
0.999568
0.99959
0.999612
0.999634
0.999657
0.99968
0.999703
0.999726
0.99975
0.999774
0.999798
0.999822
0.999847
0.999872
0.999897
0.999922
0.999948
0.999974
1

