1
1
1
1
1
1
1
1
1
1
1
1
1
1
1
1
1
1
1
1
1
1
1
1
1
1
1
1.00001
1.00001
1.00002
1.00002
1.00003
1.00003
1.00004
1.00004
1.00005
1.00005
1.00006
1.00006
1.00007
1.00007
1.00007
1.00008
1.00008
1.00009
1.00009
1.00009
1.0001
1.0001
1.0001
1.0001
1.00011
1.00011
1.00011
1.00011
1.00011
1.00011
1.00012
1.00012
1.00012
1.00012
1.00012
1.00012
1.00012
1.00012
1.00012
1.00012
1.00011
1.00011
1.00011
1.00011
1.00011
1.00011
1.0001
1.0001
1.0001
1.0001
1.00009
1.00009
1.00009
1.00008
1.00008
1.00008
1.00007
1.00007
1.00006
1.00006
1.00006
1.00005
1.00005
1.00004
1.00004
1.00003
1.00003
1.00002
1.00002
1.00001
1.00001
1.00001
1

