0.999949
0.999949
0.99995
0.99995
0.999951
0.999951
0.999952
0.999952
0.999952
0.999953
0.999953
0.999954
0.999954
0.999955
0.999969
1.00002
1.00007
1.00012
1.00016
1.00021
1.00025
1.00029
1.00033
1.00037
1.00041
1.00044
1.00051
1.00057
1.00064
1.0007
1.00077
1.00083
1.00089
1.00095
1.001
1.00105
1.0011
1.00115
1.0012
1.00124
1.00132
1.00152
1.00172
1.00192
1.00212
1.00231
1.0025
1.00267
1.00283
1.00297
1.00311
1.00323
1.00333
1.00343
1.00351
1.00359
1.00365
1.00371
1.00376
1.00379
1.00382
1.00383
1.00383
1.00383
1.00381
1.00378
1.00375
1.00371
1.00365
1.00359
1.00353
1.00345
1.00337
1.00328
1.00318
1.00308
1.00297
1.00285
1.00273
1.00261
1.00248
1.00234
1.00221
1.00206
1.00192
1.00178
1.00165
1.00151
1.00138
1.00124
1.0011
1.00097
1.00084
1.00071
1.00059
1.00047
1.00035
1.00023
1.00011
1

