0.405548
0.409014
0.412523
0.416076
0.419672
0.423313
0.426998
0.430727
0.434502
0.438323
0.44219
0.446103
0.450063
0.45407
0.458124
0.462227
0.466377
0.470576
0.474824
0.47912
0.483466
0.487862
0.492307
0.496803
0.501349
0.505946
0.510594
0.515293
0.520043
0.524845
0.529699
0.534604
0.539562
0.544572
0.549635
0.554751
0.559919
0.56514
0.570415
0.575742
0.581123
0.586558
0.592046
0.597589
0.603184
0.608835
0.614539
0.620297
0.62611
0.631977
0.637898
0.643875
0.649906
0.655991
0.662132
0.668328
0.67458
0.680886
0.687248
0.693666
0.700139
0.706668
0.713254
0.719895
0.726594
0.733349
0.74016
0.747029
0.753956
0.76094
0.767982
0.775083
0.782242
0.789461
0.796738
0.804076
0.811474
0.818933
0.826453
0.834036
0.841681
0.849388
0.85716
0.864997
0.872899
0.880867
0.888902
0.897005
0.905178
0.913421
0.921734
0.930121
0.938581
0.947117
0.955729
0.96442
0.97319
0.982043
0.990979
1

