0.757716
0.757771
0.757865
0.757997
0.758168
0.758378
0.758627
0.758917
0.759247
0.759618
0.760031
0.760485
0.760982
0.761521
0.762103
0.762729
0.763399
0.764113
0.764871
0.765675
0.766524
0.767419
0.76836
0.769348
0.770382
0.771464
0.772593
0.77377
0.774995
0.776268
0.77759
0.778961
0.780381
0.781851
0.78337
0.784939
0.786559
0.788229
0.78995
0.791721
0.793544
0.795418
0.797344
0.799321
0.80135
0.803431
0.805565
0.807751
0.809989
0.81228
0.814624
0.817022
0.819472
0.821976
0.824533
0.827144
0.829809
0.832529
0.835302
0.83813
0.841012
0.84395
0.846942
0.849989
0.853092
0.856251
0.859466
0.862737
0.866064
0.869448
0.87289
0.876388
0.879945
0.883559
0.887232
0.890965
0.894756
0.898607
0.902519
0.906492
0.910526
0.914623
0.918782
0.923005
0.927292
0.931644
0.936062
0.940546
0.945099
0.949721
0.954412
0.959174
0.964009
0.968917
0.9739
0.97896
0.984099
0.989317
0.994617
1

